2
298.0
80.262194
80.262194
80.262194
0
8.0
10
14
6 12.0107 -0.056421485 1.94 0.095 2.122313 0.691242 1.165622
6 12.0107 -0.06538737 1.94 0.095 0.88001704 1.5778201 1.273229
6 12.0107 -0.056421485 1.94 0.095 3.357402 1.568196 0.95019805
6 12.0107 -0.06538737 1.94 0.095 4.599899 0.681849 0.84303504
1 1.0079 0.026355758 1.6 0.01 2.239938 0.117469 2.084889
1 1.0079 0.026355758 1.6 0.01 2.00981 0.008749999 0.32321003
1 1.0079 0.023032445 1.6 0.01 0.9924761 2.260115 2.1157992
1 1.0079 0.023032445 1.6 0.01 0.76256305 2.151824 0.354088
1 1.0079 0.023032445 1.6 0.01 0.0 0.953179 1.4264821
1 1.0079 0.026355758 1.6 0.01 3.4696462 2.2508621 1.7925031
1 1.0079 0.026355758 1.6 0.01 3.2398572 2.141776 0.030799061
1 1.0079 0.023032445 1.6 0.01 4.4881997 0.0 0.0
1 1.0079 0.023032445 1.6 0.01 5.479923 1.306741 0.69081503
1 1.0079 0.023032445 1.6 0.01 4.716753 0.107379995 1.761963
13
0 1 1.5299999713897705 700
0 2 1.5299999713897705 700
2 3 1.5299999713897705 700
0 4 1.090000033378601 700
0 5 1.090000033378601 700
1 6 1.090000033378601 700
1 7 1.090000033378601 700
1 8 1.090000033378601 700
2 9 1.090000033378601 700
2 10 1.090000033378601 700
3 11 1.090000033378601 700
3 12 1.090000033378601 700
3 13 1.090000033378601 700
24
0 1 2 109.47100067138672 100.0
0 2 4 109.47100067138672 100.0
0 4 5 109.47100067138672 100.0
0 5 1 109.47100067138672 100.0
0 1 4 109.47100067138672 100.0
0 2 5 109.47100067138672 100.0
1 0 6 109.47100067138672 100.0
1 6 7 109.47100067138672 100.0
1 7 8 109.47100067138672 100.0
1 8 0 109.47100067138672 100.0
1 0 7 109.47100067138672 100.0
1 6 8 109.47100067138672 100.0
2 0 3 109.47100067138672 100.0
2 3 9 109.47100067138672 100.0
2 9 10 109.47100067138672 100.0
2 10 0 109.47100067138672 100.0
2 0 9 109.47100067138672 100.0
2 3 10 109.47100067138672 100.0
3 2 11 109.47100067138672 100.0
3 11 12 109.47100067138672 100.0
3 12 13 109.47100067138672 100.0
3 13 2 109.47100067138672 100.0
3 2 12 109.47100067138672 100.0
3 11 13 109.47100067138672 100.0
27
2 0 1 6 0.2222222238779068 180.0 3.0
2 0 1 7 0.2222222238779068 180.0 3.0
2 0 1 8 0.2222222238779068 180.0 3.0
1 0 2 3 0.2222222238779068 180.0 3.0
1 0 2 9 0.2222222238779068 180.0 3.0
1 0 2 10 0.2222222238779068 180.0 3.0
4 0 1 6 0.2222222238779068 180.0 3.0
4 0 1 7 0.2222222238779068 180.0 3.0
4 0 1 8 0.2222222238779068 180.0 3.0
4 0 2 3 0.2222222238779068 180.0 3.0
4 0 2 9 0.2222222238779068 180.0 3.0
4 0 2 10 0.2222222238779068 180.0 3.0
5 0 1 6 0.2222222238779068 180.0 3.0
5 0 1 7 0.2222222238779068 180.0 3.0
5 0 1 8 0.2222222238779068 180.0 3.0
5 0 2 3 0.2222222238779068 180.0 3.0
5 0 2 9 0.2222222238779068 180.0 3.0
5 0 2 10 0.2222222238779068 180.0 3.0
0 2 3 11 0.2222222238779068 180.0 3.0
0 2 3 12 0.2222222238779068 180.0 3.0
0 2 3 13 0.2222222238779068 180.0 3.0
9 2 3 11 0.2222222238779068 180.0 3.0
9 2 3 12 0.2222222238779068 180.0 3.0
9 2 3 13 0.2222222238779068 180.0 3.0
10 2 3 11 0.2222222238779068 180.0 3.0
10 2 3 12 0.2222222238779068 180.0 3.0
10 2 3 13 0.2222222238779068 180.0 3.0
10
8
6 12.0107 -0.06825685 1.94 0.095 0.94268113 2.876944 1.1280869
6 12.0107 -0.06825685 1.94 0.095 2.0956693 1.890316 0.93294
1 1.0079 0.022752281 1.6 0.01 0.9214583 3.580235 0.295599
1 1.0079 0.022752281 1.6 0.01 1.0851651 3.4223993 2.060976
1 1.0079 0.022752281 1.6 0.01 0.0 2.331086 1.166718
1 1.0079 0.022752281 1.6 0.01 3.0383642 2.436166 0.89441997
1 1.0079 0.022752281 1.6 0.01 1.9532351 1.344946 0.0
1 1.0079 0.022752281 1.6 0.01 2.1168072 1.186938 1.7653569
7
0 1 1.5299999713897705 700
0 2 1.090000033378601 700
0 3 1.090000033378601 700
0 4 1.090000033378601 700
1 5 1.090000033378601 700
1 6 1.090000033378601 700
1 7 1.090000033378601 700
12
0 1 2 109.47100067138672 100.0
0 2 3 109.47100067138672 100.0
0 3 4 109.47100067138672 100.0
0 4 1 109.47100067138672 100.0
0 1 3 109.47100067138672 100.0
0 2 4 109.47100067138672 100.0
1 0 5 109.47100067138672 100.0
1 5 6 109.47100067138672 100.0
1 6 7 109.47100067138672 100.0
1 7 0 109.47100067138672 100.0
1 0 6 109.47100067138672 100.0
1 5 7 109.47100067138672 100.0
9
2 0 1 5 0.2222222238779068 180.0 3.0
2 0 1 6 0.2222222238779068 180.0 3.0
2 0 1 7 0.2222222238779068 180.0 3.0
3 0 1 5 0.2222222238779068 180.0 3.0
3 0 1 6 0.2222222238779068 180.0 3.0
3 0 1 7 0.2222222238779068 180.0 3.0
4 0 1 5 0.2222222238779068 180.0 3.0
4 0 1 6 0.2222222238779068 180.0 3.0
4 0 1 7 0.2222222238779068 180.0 3.0