220
1	3.412002	1.259735	5.031209
2	3.477842	1.238883	4.893214
3	3.485325	1.366706	5.120243
4	3.427525	1.368829	5.255707
5	3.405082	1.164629	5.089557
6	3.305053	1.286538	5.006981
7	3.578171	1.194561	4.908199
8	3.494943	1.339586	4.849444
9	3.429673	1.16488	4.832832
10	3.591379	1.348446	5.130315
11	3.4721	1.462793	5.075046
12	3.317896	1.376582	5.252553
13	3.465479	1.454976	5.315859
14	3.457624	1.276086	5.311351
15	5.818763	5.970634	1.991001
16	5.791233	5.82946	1.93266
17	5.83652	5.943921	2.138943
18	5.710412	5.884674	2.204002
19	5.744244	6.036242	1.966864
20	5.911502	6.007957	1.943902
21	5.691127	5.797944	1.975307
22	5.873504	5.7572	1.945355
23	5.785417	5.846852	1.824259
24	5.918609	5.872595	2.135593
25	5.868627	6.038296	2.184055
26	5.703725	5.773924	2.194206
27	5.622231	5.923215	2.153137
28	5.702744	5.902147	2.308134
29	3.130129	7.930914	3.203768
30	3.136489	7.931129	3.359539
31	3.232156	8.042867	3.167509
32	3.214956	8.166871	3.259528
33	3.027672	7.956042	3.171796
34	3.166078	7.84024	3.156533
35	3.066267	8.011996	3.386204
36	3.242795	7.954372	3.389436
37	3.110932	7.831886	3.389874
38	3.334004	7.9971	3.180052
39	3.214269	8.075662	3.066079
40	3.302574	8.237407	3.246733
41	3.220331	8.131935	3.362373
42	3.118364	8.215065	3.243412
43	6.15598	7.820599	3.27427
44	6.023829	7.794844	3.202812
45	6.209287	7.962016	3.250269
46	6.355447	7.971914	3.306965
47	6.152879	7.783634	3.378603
48	6.219841	7.754392	3.234274
49	5.95003	7.860982	3.251866
50	6.027503	7.822428	3.097499
51	5.994772	7.69291	3.208148
52	6.145823	8.044539	3.288146
53	6.202094	7.977827	3.142856
54	6.356119	7.964026	3.419463
55	6.420805	7.90028	3.252592
56	6.396704	8.06868	3.273028
57	2.723433	5.893941	1.610506
58	2.793639	5.76427	1.611925
59	2.807533	6.000071	1.531406
60	2.736889	6.140659	1.521204
61	2.632517	5.887237	1.547864
62	2.69522	5.915707	1.713517
63	2.899197	5.774572	1.586337
64	2.781238	5.738415	1.720162
65	2.764676	5.6774	1.546963
66	2.853954	5.95341	1.4428
67	2.88884	6.029284	1.58923
68	2.718409	6.178511	1.620228
69	2.78655	6.21085	1.460298
70	2.637809	6.124777	1.472545
71	2.246948	7.137049	5.864573
72	2.13894	7.237581	5.846734
73	2.179746	7.023484	5.946084
74	2.277186	6.902027	5.95221
75	2.287718	7.105844	5.770815
76	2.325943	7.172856	5.92695
77	2.049451	7.198061	5.798255
78	2.120227	7.291323	5.944051
79	2.174314	7.318345	5.786009
80	2.090182	6.99431	5.889059
81	2.157693	7.059729	6.046865
82	2.374267	6.927031	6.002554
83	2.23421	6.810157	6.002042
84	2.311959	6.882325	5.853179
85	1.544735	6.504146	6.842345
86	1.456745	6.619289	6.792834
87	1.648158	6.468528	6.735343
88	1.768005	6.41349	6.811623
89	1.485414	6.415095	6.850161
90	1.591531	6.531631	6.933293
91	1.443048	6.628902	6.685189
92	1.521641	6.700991	6.797734
93	1.3611	6.644059	6.841373
94	1.601717	6.402961	6.660343
95	1.682081	6.561563	6.695213
96	1.810069	6.502838	6.864614
97	1.842568	6.370689	6.74463
98	1.736969	6.338347	6.889093
99	5.590777	1.203404	5.979197
100	5.447743	1.175742	6.011281
101	5.62354	1.352283	5.999428
102	5.554103	1.415885	5.880153
103	5.666149	1.145127	6.045864
104	5.603928	1.176874	5.876761
105	5.443232	1.063168	6.023191
106	5.425699	1.225233	6.107046
107	5.383537	1.214753	5.937343
108	5.727189	1.382249	5.979178
109	5.590723	1.381392	6.09928
110	5.626184	1.411015	5.795694
111	5.459992	1.375101	5.859125
112	5.537446	1.522243	5.893737
113	7.271098	4.448973	1.533681
114	7.338897	4.494401	1.40607
115	7.359114	4.3525	1.620151
116	7.430986	4.254719	1.520655
117	7.183197	4.397779	1.501793
118	7.253733	4.544519	1.582858
119	7.291962	4.586977	1.383802
120	7.313273	4.427425	1.317672
121	7.447577	4.507419	1.405254
122	7.425393	4.415194	1.67678
123	7.290857	4.297444	1.691424
124	7.471732	4.300494	1.433053
125	7.360603	4.179994	1.501772
126	7.511389	4.199464	1.562465
127	3.163449	1.569497	7.53189
128	3.050637	1.505727	7.451674
129	3.236602	1.664337	7.435027
130	3.365236	1.72673	7.497424
131	3.236328	1.488828	7.562199
132	3.125264	1.624424	7.615222
133	2.982626	1.575522	7.396333
134	2.991935	1.439412	7.51697
135	3.09192	1.439097	7.373737
136	3.265579	1.60615	7.347906
137	3.170984	1.747176	7.404354
138	3.339459	1.783576	7.590467
139	3.416695	1.793765	7.430234
140	3.438647	1.646991	7.52451
141	0.006144	6.196894	5.41048
142	0.146336	6.250443	5.428412
143	-0.053735	6.257795	5.345755
144	0.012234	6.09725	5.364243
145	-0.048278	6.203806	5.497433
146	0.193382	6.239776	5.331811
147	0.14144	6.355503	5.457788
148	0.195096	6.193473	5.507068
149	3.011786	5.023694	5.002366
150	2.888058	5.11556	4.970744
151	2.959198	4.927316	5.023289
152	3.048187	5.067908	5.095471
153	3.090185	5.014572	4.924799
154	2.826808	5.134958	5.061902
155	2.838543	5.065094	4.885967
156	2.925772	5.213268	4.930006
157	1.378721	7.175641	6.778141
158	1.468109	7.146594	6.898294
159	1.372816	7.084805	6.719057
160	1.393781	7.265358	6.714394
161	1.280529	7.17797	6.829032
162	1.5655	7.116303	6.845915
163	1.417208	7.067486	6.957129
164	1.485876	7.237631	6.964534
165	1.810539	6.508902	6.270797
166	1.818842	6.394951	6.36646
167	1.745756	6.507264	6.184386
168	1.780727	6.590903	6.332005
169	1.910586	6.527087	6.244894
170	1.71557	6.370625	6.376688
171	1.879161	6.33095	6.302051
172	1.869014	6.422449	6.4639
173	3.438622	8.004134	3.958296
174	3.481815	7.852983	3.939471
175	3.529748	8.057461	3.984869
176	3.386546	8.03857	3.863993
177	3.37954	8.013314	4.049088
178	3.553545	7.856663	3.858868
179	3.532816	7.82729	4.029362
180	3.402095	7.783711	3.921067
181	3.408909	1.785755	2.654114
182	3.552076	1.846382	2.663507
183	3.365345	1.768141	2.755601
184	3.346178	1.870127	2.621295
185	3.399901	1.699023	2.58433
186	3.610713	1.791646	2.741911
187	3.601319	1.85263	2.563761
188	3.546113	1.94741	2.69811
189	2.52688	1.884386	7.054717
190	2.6448	1.982655	7.041804
191	2.529419	1.852163	7.163694
192	2.545814	1.797781	6.988232
193	2.434661	1.934089	7.03431
194	2.665395	1.996114	6.936179
195	2.726844	1.930248	7.094837
196	2.614245	2.075557	7.079968
197	4.649576	6.176077	7.394773
198	4.615206	6.287818	7.291567
199	4.576796	6.172196	7.469095
200	4.750511	6.189801	7.435574
201	4.649776	6.086575	7.33216
202	4.592634	6.382779	7.34084
203	4.526615	6.254345	7.245035
204	4.693965	6.303059	7.214952
205	3.792114	0.238587	1.469274
206	3.747671	0.275108	1.611783
207	3.799824	0.136106	1.453152
208	3.704425	0.277554	1.404069
209	3.890218	0.289889	1.454569
210	3.825047	0.264109	1.688218
211	3.729942	0.378748	1.602402
212	3.652476	0.219262	1.642171
213	5.192998	1.485167	3.279099
214	5.339626	1.436471	3.288085
215	5.138747	1.417675	3.217822
216	5.145596	1.500317	3.379462
217	5.189805	1.585286	3.238406
218	5.36486	1.405104	3.190547
219	5.413956	1.519876	3.318302
220	5.341129	1.353923	3.359057
1	1.020922	-0.097546	0.431894
2	-0.968736	-0.865171	0.446717
3	-0.128817	-0.004974	0.559466
4	0.484948	0.232039	0.4064
5	0.16604	2.758078	1.644608
6	-2.606492	-3.01014	-1.271494
7	0.473914	-0.757844	1.185605
8	-1.432153	-0.751036	-0.113619
9	-0.098226	-2.071206	2.917372
10	-0.713906	-0.063876	0.528663
11	2.678977	0.345261	-1.618043
12	1.725984	-1.114713	-1.09481
13	-0.672055	1.412319	-0.338845
14	2.600059	1.708848	0.68737
15	-0.794495	-0.402721	0.617167
16	-0.375607	-0.643626	-0.369883
17	0.04503	0.30755	0.35068
18	-0.342187	0.02635	-0.416423
19	0.314727	-1.278288	-0.314398
20	0.188015	0.918863	-0.238714
21	0.481225	0.382665	1.258235
22	0.333322	2.436614	-2.438033
23	-0.084276	-0.191373	0.18016
24	0.472423	1.969729	-2.017344
25	1.23048	4.106368	-2.22318
26	0.895453	-0.848271	1.669903
27	0.138669	0.707988	0.594854
28	0.096705	-1.331701	-2.510767
29	-0.879271	-0.646846	0.189649
30	-0.947078	0.18901	-0.110863
31	0.081869	0.264972	0.532587
32	-0.115758	-0.388258	0.909834
33	-0.287799	-0.724434	-2.091144
34	1.027239	-2.779305	-1.127723
35	-2.742584	2.619112	-0.925051
36	-2.217222	0.763149	1.828711
37	2.916059	2.06047	-1.521524
38	2.308244	1.194301	-2.27979
39	1.415962	1.960011	-1.964202
40	-3.187965	0.958191	1.839675
41	-3.26045	0.842422	1.291919
42	-1.810704	-1.174338	1.932662
43	1.010852	-0.907559	0.299495
44	0.154023	-0.827653	-0.171097
45	0.612108	-0.344422	-0.116575
46	0.440859	-0.266536	0.131723
47	0.517573	-1.129305	-2.584117
48	-0.88628	0.210289	-0.28036
49	0.328929	-1.67665	2.309518
50	-1.140958	-1.649419	0.878463
51	0.750548	1.893439	-0.330809
52	-1.43505	-0.447215	1.311145
53	0.853155	2.534891	-1.881499
54	-0.025163	0.069923	0.614236
55	2.781912	-4.10795	0.115265
56	2.058265	-0.724675	0.369761
57	-0.309449	0.001279	-0.148608
58	-0.474614	0.05202	0.043622
59	-0.116251	0.229475	-1.115485
60	0.338827	0.090086	0.653362
61	1.041897	-0.792638	1.502662
62	1.150668	0.294666	-1.222456
63	-0.921395	-1.760601	0.64937
64	-0.6149	0.019418	-0.468731
65	-1.043576	-1.721298	1.320529
66	1.638094	-0.449967	0.652357
67	-3.323301	-0.216987	0.304112
68	1.884992	0.138885	0.605025
69	-2.548823	-1.059745	0.796918
70	1.698063	0.324595	-1.447753
71	0.188673	-0.087112	0.016899
72	0.101568	0.478665	-0.360413
73	-0.93498	-0.825865	-0.619234
74	-0.360714	-0.607212	-0.130651
75	1.464164	0.239456	0.382762
76	0.714742	-1.872282	2.045281
77	0.27758	2.232363	-2.67548
78	-0.661083	3.554767	1.566363
79	0.386052	0.589588	-2.072496
80	0.060523	4.448101	-0.945605
81	-0.872228	1.751706	-0.027332
82	1.560906	1.091977	-0.79636
83	1.004884	-0.89745	-0.439052
84	-0.103589	-1.985918	-0.68341
85	-0.168746	0.234818	0.954637
86	-0.051982	-0.311976	-0.405619
87	1.043302	-0.632519	-0.180009
88	0.005493	0.517871	0.446038
89	-0.958473	1.220277	-1.293144
90	-0.861243	-1.472991	-1.271789
91	-2.63152	1.182443	-1.015199
92	-2.137639	-1.735456	2.099264
93	1.040683	1.216332	-0.860467
94	0.161944	1.133486	-1.815206
95	1.488325	-2.194346	-0.61981
96	1.32148	-0.519566	-1.573279
97	-1.880917	2.397338	1.482266
98	-1.910169	-0.04967	-0.99936
99	0.086139	-0.209157	0.963409
100	-0.015111	-0.660208	-0.384457
101	0.08623	0.170442	-0.11111
102	0.062742	0.568948	0.137026
103	1.462944	-1.917616	1.044909
104	-0.554562	-0.986454	0.583901
105	-3.596192	-0.687178	4.118709
106	-1.204795	-0.328901	-1.42721
107	1.837329	0.093655	0.339025
108	-2.326867	-4.936769	1.954942
109	2.309631	-2.605894	2.073989
110	2.509034	-0.15192	-2.751717
111	0.999417	1.287007	1.675673
112	1.681963	1.0097	-1.760921
113	-0.445629	0.066949	0.553259
114	-0.196142	0.655739	0.103939
115	0.327494	-0.142218	0.283401
116	0.642226	-0.174118	-0.82467
117	0.176737	-0.834677	1.699395
118	-2.875597	1.768456	-1.255923
119	-0.33766	-1.827315	2.845028
120	-1.000846	-2.300469	-0.948726
121	1.764244	-3.094552	1.333289
122	1.119565	-0.632968	-0.943416
123	-2.193262	-2.693326	0.247756
124	-1.556775	-0.221748	1.908844
125	-0.330141	0.929616	1.298208
126	0.848954	-1.132293	-0.04553
127	-1.150849	-0.151105	-0.185664
128	-0.272459	-0.562523	0.368744
129	0.220462	-0.252297	-0.586476
130	0.042448	-0.413415	-0.004895
131	-0.620341	1.950118	-2.022048
132	-0.557623	0.963668	-4.748716
133	0.961673	1.150988	0.426275
134	2.488577	0.233908	-0.243981
135	2.896516	-0.21117	0.898858
136	-0.226504	-1.889894	0.300219
137	-0.549293	0.231731	0.249298
138	-1.813058	-0.83836	-0.179754
139	-2.251518	-1.001084	2.789894
140	0.356361	0.442598	3.249129
141	-0.515954	0.194529	0.423992
142	0.92451	0.327367	-0.517529
143	-0.842308	0.964916	-2.13764
144	0.515148	1.235176	0.953801
145	3.141096	0.86187	-1.720941
146	0.578218	-0.394867	0.836313
147	2.290043	1.448491	1.293348
148	2.93451	0.867724	1.632042
149	-0.631366	-0.558924	0.03823
150	0.425106	0.750239	0.17742
151	-1.647135	3.483735	0.784117
152	-0.779821	2.051368	-3.020609
153	-0.245459	-0.395086	-2.846281
154	-0.759191	-2.592456	1.534069
155	1.398241	2.404589	-0.842092
156	-0.492367	0.643267	-0.18868
157	0.054463	-0.172632	-0.62041
158	-0.116798	-0.701885	0.352422
159	2.042591	-1.020568	4.201472
160	-0.672029	0.638622	-0.06668
161	-3.130827	1.07455	0.11373
162	-0.351225	-0.506187	-1.783255
163	-3.400306	-0.676892	3.708015
164	0.17698	0.002994	0.858803
165	0.28826	0.449835	0.854682
166	-0.511098	0.18508	0.595989
167	1.516288	2.77033	-4.071413
168	1.365624	-0.611935	-0.016767
169	-1.486221	1.341465	-4.166621
170	1.192257	3.784833	-1.936535
171	-3.22092	0.430756	-3.703946
172	1.078175	-2.296792	-0.459683
173	0.602564	0.111191	0.323157
174	-0.249982	-0.574443	-0.207855
175	0.990087	1.088958	0.479074
176	1.510655	-0.601399	0.495946
177	-1.116198	-0.853314	0.725738
178	-0.440355	-1.948406	0.855776
179	2.17947	0.355543	-0.677334
180	1.668328	1.874954	-2.328437
181	0.938525	0.080675	-0.131581
182	0.678997	-0.090207	0.015408
183	1.320211	2.50639	-1.801402
184	1.512015	-1.903901	-0.212933
185	-0.495526	-0.163954	0.877498
186	-3.819417	-1.596059	0.866067
187	2.205729	2.581424	0.782585
188	2.073689	-0.830097	1.964892
189	-0.552257	0.381276	0.201271
190	-0.199204	-0.468957	-0.191354
191	0.592281	0.784913	2.809751
192	1.178577	-0.427662	-1.55858
193	-2.520791	1.971779	0.189831
194	3.658282	-1.480159	-1.257027
195	0.076998	0.597358	0.147445
196	-3.114459	-0.638435	1.400474
197	0.496623	0.137226	0.435651
198	-0.293436	0.072175	-0.512743
199	-2.383514	-1.134564	-0.133159
200	-1.696267	1.290733	0.121619
201	-0.066698	-0.942042	1.426154
202	2.643975	2.04264	0.357103
203	-2.485001	0.059043	1.475538
204	0.281821	-0.764365	-0.610121
205	-0.153377	0.583378	-0.007835
206	0.550957	-0.056301	0.209454
207	0.77672	1.370437	-1.17561
208	-1.270215	0.221577	-1.818036
209	2.890425	0.969059	-0.221001
210	-2.388759	-1.496277	2.351859
211	0.536834	0.319457	-1.090701
212	-2.079	-3.150889	0.498132
213	0.26172	0.077199	-0.255277
214	-0.213095	0.875735	-0.142928
215	1.314171	2.933506	-1.035839
216	-0.66747	2.472787	-1.795015
217	-0.538884	-0.437593	1.814704
218	0.098811	-3.589247	2.666509
219	0.646107	-1.302108	-1.146589
220	0.087959	1.140691	2.650165